
Below are sorted lists of the percentage bias and percentage RMSE for 100 runs of 10^5 plots each, for the
three sampling methods.  Run times on MacBook Air (4GB RAM, 1.8 GHz processor)

[1] Number of runs: 1e+05 each        
[1] Masuyamas Method
## Typical run time: ~20 seconds
Percentage Bias:
  [1] -0.4712678368 -0.3468618872 -0.3014071216 -0.2990708466 -0.2912340598 -0.2800007036 -0.2263242673 -0.2114744317 -0.2038658920
 [10] -0.1952409792 -0.1753361664 -0.1506770619 -0.1428383151 -0.1426459560 -0.1412856111 -0.1352033012 -0.1343857747 -0.1342490970
 [19] -0.1319767301 -0.1258384627 -0.1247903702 -0.1199473525 -0.1114622369 -0.1003224930 -0.0948816656 -0.0933000028 -0.0883480792
 [28] -0.0842377545 -0.0802635554 -0.0781303507 -0.0769808611 -0.0720435963 -0.0656436232 -0.0580913724 -0.0526367972 -0.0509426672
 [37] -0.0416383964 -0.0323496954 -0.0290607621 -0.0260860964 -0.0236275540 -0.0196215251 -0.0175587159 -0.0124950428 -0.0008803914
 [46]  0.0008436635  0.0039965265  0.0040946385  0.0055551106  0.0089848902  0.0093015871  0.0162167449  0.0190908416  0.0211839623
 [55]  0.0276779892  0.0277816777  0.0287448263  0.0395497913  0.0451642057  0.0468525384  0.0469139067  0.0519407256  0.0664180448
 [64]  0.0775872169  0.0884399956  0.0887244487  0.0904557641  0.0910021436  0.0915756047  0.0955435096  0.0965312552  0.0977548948
 [73]  0.1168826516  0.1193233328  0.1224236890  0.1290321984  0.1493616203  0.1510709889  0.1615187312  0.1726880689  0.1781899885
 [82]  0.1857521223  0.1874234497  0.1897859506  0.2174917726  0.2212644749  0.2245969706  0.2303327689  0.2432560038  0.2455127457
 [91]  0.2536899707  0.2776588127  0.2818389532  0.3064059362  0.3097238559  0.3639829737  0.3773717023  0.3906104195  0.4281514325
[100]  0.4831580678
Percentage RMSE
  [1] 50.18274 50.23653 50.27850 50.27897 50.28102 50.28640 50.28658 50.28907 50.29441 50.29887 50.30716 50.32432 50.32443 50.33507
 [15] 50.33598 50.33840 50.33858 50.33933 50.34066 50.34093 50.34372 50.35977 50.36979 50.37190 50.37759 50.37977 50.38789 50.38838
 [29] 50.39836 50.39993 50.40023 50.40414 50.41255 50.41712 50.42023 50.42279 50.42373 50.42815 50.42976 50.43087 50.43194 50.43779
 [43] 50.43834 50.43905 50.44191 50.44281 50.45213 50.45926 50.46101 50.46111 50.46317 50.46572 50.46713 50.46939 50.47181 50.47764
 [57] 50.47898 50.48016 50.48141 50.48164 50.48233 50.48465 50.48782 50.49043 50.49049 50.49453 50.49520 50.49526 50.49780 50.50320
 [71] 50.50458 50.50462 50.50604 50.51420 50.51425 50.51988 50.52075 50.52328 50.52376 50.52545 50.52655 50.52792 50.53032 50.53143
 [85] 50.53406 50.53566 50.53830 50.54062 50.54188 50.54441 50.54664 50.54806 50.56491 50.58120 50.58303 50.60088 50.60250 50.60429
 [99] 50.62407 50.66058

[1] Number of runs: 1e+05 each        
[1] Measure Pi
## Typical run time: ~30 seconds
Percentage Bias:
  [1] -0.2151966427 -0.2149721652 -0.1947101745 -0.1838740190 -0.1606927451 -0.1604225300 -0.1533490978 -0.1510944016 -0.1458438960
 [10] -0.1381515902 -0.1292964462 -0.1251373689 -0.1010907786 -0.0867616383 -0.0826028796 -0.0814784123 -0.0792013595 -0.0739903461
 [19] -0.0733905253 -0.0726060153 -0.0710693215 -0.0585992621 -0.0551100586 -0.0519398151 -0.0447604423 -0.0433684948 -0.0324509716
 [28] -0.0304066342 -0.0220594841 -0.0204070064 -0.0172753111 -0.0152220566 -0.0140309845 -0.0130874573 -0.0073643880 -0.0072469677
 [37] -0.0064496318 -0.0032151302 -0.0027186352 -0.0027175204 -0.0018301631 -0.0016050515 -0.0008559932  0.0007053872  0.0037828561
 [46]  0.0073075483  0.0073705294  0.0081737839  0.0114515272  0.0138453318  0.0140043537  0.0145268795  0.0155091174  0.0284651608
 [55]  0.0296667840  0.0311683325  0.0364415552  0.0376562036  0.0382431345  0.0437806887  0.0457494023  0.0464087687  0.0483035164
 [64]  0.0543923901  0.0544941270  0.0569772289  0.0575419277  0.0614343553  0.0645889668  0.0734625396  0.0740943643  0.0755360232
 [73]  0.0755544596  0.0765896718  0.0778654336  0.0792216423  0.0870155610  0.0946583538  0.1051398577  0.1052965333  0.1090364820
 [82]  0.1099130594  0.1105195261  0.1152367541  0.1211511081  0.1246297641  0.1252241115  0.1358909884  0.1433647553  0.1472685802
 [91]  0.1503691251  0.1513907351  0.1572289592  0.1620750932  0.1845757794  0.1924316909  0.2080607706  0.2312154615  0.2487755633
[100]  0.2853086024
Percentage RMSE
  [1] 32.55588 32.55820 32.57938 32.59182 32.59489 32.60103 32.61147 32.61190 32.61194 32.61285 32.62115 32.63837 32.63946 32.64355
 [15] 32.64520 32.65349 32.65888 32.66448 32.66605 32.67037 32.67423 32.67465 32.67926 32.68024 32.68567 32.68577 32.68586 32.68841
 [29] 32.69078 32.69887 32.69892 32.69994 32.70174 32.70370 32.70744 32.70821 32.71091 32.71615 32.72252 32.72297 32.72469 32.72469
 [43] 32.72547 32.72649 32.72869 32.72935 32.72997 32.73426 32.73445 32.73673 32.74025 32.74356 32.74475 32.74555 32.74596 32.74885
 [57] 32.75110 32.75232 32.75339 32.75458 32.75708 32.75717 32.75792 32.75884 32.76126 32.76173 32.76396 32.76923 32.76949 32.77730
 [71] 32.77840 32.78134 32.78412 32.78858 32.78938 32.79043 32.79200 32.79287 32.79512 32.79659 32.79762 32.79780 32.79892 32.79944
 [85] 32.80286 32.80573 32.80978 32.81278 32.81760 32.81958 32.82576 32.82910 32.83876 32.84618 32.85203 32.85468 32.86639 32.88321
 [99] 32.91138 32.95611

[1] Number of runs: 1e+05 each        
[1] Repeated Masuyama
## Typical run time: ~40 seconds
Percentage Bias:
  [1] -0.224002399 -0.201466434 -0.180650776 -0.159579359 -0.151227701 -0.116134837 -0.115741787 -0.113361006 -0.108885049
 [10] -0.104671278 -0.092790816 -0.089901536 -0.088368994 -0.083607569 -0.082630090 -0.080886432 -0.069539489 -0.067665607
 [19] -0.066498304 -0.063971702 -0.063968591 -0.062653111 -0.062049288 -0.060733237 -0.060271416 -0.058887851 -0.058603847
 [28] -0.056261419 -0.054451460 -0.050438833 -0.048758137 -0.044271728 -0.043077347 -0.039927368 -0.039516090 -0.035611389
 [37] -0.034509541 -0.033915141 -0.029065985 -0.028223442 -0.026698332 -0.020929354 -0.020463577 -0.019090006 -0.016795149
 [46] -0.016095797 -0.015097597 -0.010583927 -0.008897742 -0.005540374 -0.004756767 -0.003781004 -0.001762055 -0.001623414
 [55]  0.002625760  0.003593587  0.007281821  0.007510616  0.007681686  0.009561011  0.012091868  0.015221172  0.015385679
 [64]  0.016819718  0.022294606  0.023731368  0.027359452  0.028258668  0.028387017  0.035005377  0.036703866  0.039756258
 [73]  0.041529236  0.042458848  0.042670764  0.043834591  0.044275920  0.046927189  0.047745696  0.054937347  0.058047257
 [82]  0.058404904  0.059529645  0.066781903  0.069069555  0.070997961  0.071105634  0.078994625  0.087155865  0.094329357
 [91]  0.096355807  0.109798475  0.115293969  0.115448115  0.125757224  0.127414250  0.129041338  0.176096586  0.193132346
[100]  0.307566764
Percentage RMSE
  [1] 29.55141 29.58031 29.61466 29.61694 29.62874 29.63045 29.63967 29.64118 29.64213 29.64307 29.64619 29.65608 29.65661 29.65952
 [15] 29.66079 29.66090 29.66272 29.66299 29.66416 29.66499 29.66599 29.66953 29.67418 29.67721 29.67804 29.68210 29.68271 29.68279
 [29] 29.68689 29.68819 29.68969 29.69101 29.69202 29.69258 29.69301 29.69596 29.70041 29.70146 29.70404 29.70440 29.70541 29.70879
 [43] 29.70905 29.71438 29.71483 29.71710 29.72186 29.72251 29.72774 29.72828 29.73035 29.73119 29.73577 29.73782 29.73795 29.73929
 [57] 29.73979 29.74315 29.74348 29.74594 29.74787 29.74872 29.75448 29.75470 29.75555 29.75601 29.75888 29.75910 29.76031 29.76164
 [71] 29.76393 29.76461 29.76469 29.76643 29.76810 29.77009 29.77078 29.77705 29.77869 29.78033 29.78177 29.78527 29.78992 29.79026
 [85] 29.79332 29.79526 29.79651 29.80497 29.80549 29.80604 29.80629 29.81144 29.81299 29.81614 29.83631 29.83727 29.83927 29.84657
 [99] 29.86369 29.88976
